ID,MEDV
0,21.0930613113
1,23.6695222416
2,9.61361309805
3,21.2217513769
4,18.9962996045
5,21.1819791938
6,19.7273604281
7,21.281967826
8,37.0432829065
9,22.7893187167
10,22.7047015166
11,10.3188485271
12,19.295460506
13,15.211062018
14,20.7267291732
15,22.5557942312
16,17.0522519849
17,26.6348305223
18,18.4915949563
19,22.8421717884
20,23.0740938674
21,44.9695287279
22,19.1336222519
23,13.4207130131
24,16.574471291
25,21.4236789453
26,14.9656477911
27,19.0235968356
28,21.273632042
29,16.4186202815
30,40.682523701
31,20.327306212
32,19.3378919342
33,19.654863175
34,20.0278037583
35,22.725207399
36,30.7606949501
37,29.2360832887
38,42.9183441663
39,28.5791681161
40,12.5783972182
41,48.9966137673
42,22.8395424492
43,16.0680671123
44,20.8196207353
45,24.4861575171
46,12.8455596117
47,20.4920522472
48,16.306829483
49,16.2513571465
50,20.22242943
51,33.6068831901
52,23.5352623846
53,5.26828283927
54,16.1286523916
55,17.087975606
56,19.1884162414
57,13.1182646492
58,3.48092945466
59,18.9103677259
60,18.7258407725
61,16.9538834074
62,33.6536310907
63,21.5723153168
64,48.535275691
65,32.2251437033
66,12.0776611287
67,17.7099970391
68,21.8598724227
69,17.8317355356
70,17.9121012167
71,21.3140075303
72,25.2887945586
73,9.87655352847
74,19.0871080427
75,17.7370589324
76,21.0247955859
77,28.5224337658
78,20.1936061596
79,31.1464666482
80,34.8325505138
81,45.3709493955
82,27.5982798001
83,26.1174827179
84,16.6042791778
85,32.3572706547
86,11.4679620843
87,25.4213621971
88,13.8092925671
89,17.7192813802
90,7.7536292571
91,18.7881733458
92,9.92393219968
93,19.766188017
94,18.0258792281
95,21.6931486436
96,36.6624576953
97,11.8033451119
98,15.1633175529
99,27.1971222943
100,27.6494040533
101,16.5966764583
102,28.1136135193
103,30.9617927998
104,40.9419102561
